20 10 15
-246 -707 66 -794 396 -990 491 -597 -566 -14 
-434 -106 -759 -275 -615 305 -543 975 -478 -872 
67 -587 -862 290 206 -477 812 711 -670 -981 
335 -359 -687 958 -153 266 969 -663 670 -598 
-120 793 296 121 -482 238 984 -468 212 -495 
-340 -722 -82 -645 126 681 -121 -506 391 209 
-486 -717 407 -616 -760 -746 650 766 -852 -124 
-833 29 -331 21 707 -256 816 690 276 28 
752 493 -137 -774 849 546 908 -716 -960 -145 
50 -889 -305 -544 -948 -507 -733 702 -742 -584 
-422 984 2 -196 -439 -292 548 -624 956 -620 
-39 707 873 382 491 278 -516 398 562 -476 
810 -389 -808 -495 -375 -756 -2 -108 947 -187 
-135 -919 -204 424 -115 -86 690 990 291 645 
-631 809 -92 -759 190 -602 520 675 796 -362 
756 163 -193 949 668 432 -808 -778 881 696 
35 -697 334 389 727 776 -698 416 765 150 
-383 -867 -41 526 -625 -852 924 452 380 277 
-911 136 -561 -547 -359 664 442 -167 886 323 
-914 -523 183 -23 423 -91 -247 726 -675 -483 
1 1 1 5
1 1 1 10
1 1 1 1
1 5 1 10
1 1 10 1
1 1 20 1
10 1 20 1
20 10 20 10
20 1 20 5
20 1 20 10
20 1 20 1
20 5 20 10
1 10 10 10
1 10 20 10
10 10 20 10
